loss: 0.2765004634857178
accuracy: 0.8681732416152954
auc: 0.9160425662994385
precision: 0.8759542107582092
recall: 0.8595505356788635
f1_score_manual: 0.8801054018445322
